#Layer_Color=13675995
#
#Feature symbol names
#
$0 r3.937

#
#Feature attribute names
#

#
#Layer features
#
L 0.5797257 1.0244092 0.5797257 1.1114171 0 P 0
L 0.5797257 1.0244092 0.6368123 1.0244092 0 P 0
L 0.5797257 1.1114171 0.6368123 1.1114171 0 P 0
L 0.6368123 1.0244092 0.6368123 1.1114171 0 P 0
L 0.7401575 0.9990158 0.7401575 1.0561024 0 P 0
L 0.7401575 0.9990158 0.8267717 0.9990158 0 P 0
L 0.7401575 1.0561024 0.8267717 1.0561024 0 P 0
L 0.8267717 0.9990158 0.8267717 1.0561024 0 P 0
L 0.8966535 0.8147637 0.8966535 0.9017716 0 P 0
L 0.8966535 0.8147637 0.9537401 0.8147637 0 P 0
L 0.8966535 0.9017716 0.9537401 0.9017716 0 P 0
L 0.9537401 0.8147637 0.9537401 0.9017716 0 P 0
L 1.0265748 0.8110236 1.0265748 0.8976378 0 P 0
L 1.0265748 0.8110236 1.0836614 0.8110236 0 P 0
L 1.0265748 0.8976378 1.0836614 0.8976378 0 P 0
L 1.0836614 0.8110236 1.0836614 0.8976378 0 P 0
L 1.08957 1.0177161 1.08957 1.1043303 0 P 0
L 1.08957 1.0177161 1.1466566 1.0177161 0 P 0
L 1.08957 1.1043303 1.1466566 1.1043303 0 P 0
L 1.1466566 1.0177161 1.1466566 1.1043303 0 P 0
L 1.2273637 1.0177161 1.2273637 1.1043303 0 P 0
L 1.2273637 1.0177161 1.2844503 1.0177161 0 P 0
L 1.2273637 1.1043303 1.2844503 1.1043303 0 P 0
L 1.2844503 1.0177161 1.2844503 1.1043303 0 P 0
L 1.3139764 0.7992126 1.3139764 0.8858268 0 P 0
L 1.3139764 0.7992126 1.371063 0.7992126 0 P 0
L 1.3139764 0.8858268 1.371063 0.8858268 0 P 0
L 1.371063 0.7992126 1.371063 0.8858268 0 P 0
L 1.4320866 0.7992126 1.4320866 0.8858268 0 P 0
L 1.4320866 0.7992126 1.4891732 0.7992126 0 P 0
L 1.4320866 0.8858268 1.4891732 0.8858268 0 P 0
L 1.4891732 0.7992126 1.4891732 0.8858268 0 P 0
