#Layer_Color=15314666
#
#Feature symbol names
#
$0 r1.9685
$1 r3.937
$2 r6

#
#Feature attribute names
#

#
#Layer features
#
L 0.2165354 0.9606299 0.2165354 1.1102363 1 P 0
L 0.2165354 0.9606299 0.2952756 0.9606299 1 P 0
L 0.2165354 1.1102363 0.2559055 1.1102363 1 P 0
L 0.2559041 0.5433061 0.2559041 0.8740161 0 P 0
L 0.2559041 0.5433061 0.4921241 0.5433061 0 P 0
L 0.2559041 0.8740161 0.4921241 0.8740161 0 P 0
L 0.2559055 1.1102363 0.2952756 1.1102363 1 P 0
L 0.2952756 0.9606299 0.2952756 1.1102363 1 P 0
L 0.3464566 1 0.3464566 1.1102362 0 P 0
L 0.3464566 1 0.4015748 1 0 P 0
L 0.3464566 1.1102362 0.4015748 1.1102362 0 P 0
L 0.3543281 0.7086621 0.3936981 0.7086621 1 P 0
L 0.3553149 1.0551181 0.3927164 1.0551181 1 P 0
L 0.3740141 0.6889761 0.3740141 0.7283461 1 P 0
L 0.3740157 1.0364173 0.3740157 1.0738189 1 P 0
L 0.4015748 1 0.4015748 1.1102362 0 P 0
L 0.4921241 0.5433061 0.4921241 0.8740161 0 P 0
L 0.5551201 0.7913381 0.5551201 0.9212601 0 P 0
L 0.5551201 0.7913381 0.7834661 0.7913381 0 P 0
L 0.5551201 0.9212601 0.7834661 0.9212601 0 P 0
L 0.5708661 1 0.5708661 1.1338583 0 P 0
L 0.5708661 1 0.6496063 1 0 P 0
L 0.5708661 1.1338583 0.6496063 1.1338583 0 P 0
L 0.5905512 1.0669291 0.6299212 1.0669291 1 P 0
L 0.6102362 1.0472441 0.6102362 1.0866142 1 P 0
L 0.6496063 1 0.6496063 1.1338583 0 P 0
L 0.6496081 0.8562981 0.6889781 0.8562981 1 P 0
L 0.6692921 0.5452761 0.6692921 0.6948821 1 P 0
L 0.6692921 0.5452761 0.7480321 0.5452761 1 P 0
L 0.6692921 0.6948821 0.7086621 0.6948821 1 P 0
L 0.6692921 0.8366141 0.6692921 0.8759841 1 P 0
L 0.7086621 0.6948821 0.7480321 0.6948821 1 P 0
L 0.7480321 0.5452761 0.7480321 0.6948821 1 P 0
L 0.7834661 0.7913381 0.7834661 0.9212601 0 P 0
L 0.7861417 0.5357087 0.7861417 0.6257087 0 P 0
L 0.7861417 0.5357087 0.9461417 0.5357087 0 P 0
L 0.7861417 0.6257087 0.9461417 0.6257087 0 P 0
L 0.8464567 0.5807087 0.8858268 0.5807087 1 P 0
L 0.8661417 0.5610237 0.8661417 0.6003938 1 P 0
L 0.8858267 0.7874015 0.8858267 0.9212598 0 P 0
L 0.8858267 0.7874015 0.9645669 0.7874015 0 P 0
L 0.8858267 0.9212598 0.9645669 0.9212598 0 P 0
L 0.9055118 0.8543307 0.9448818 0.8543307 1 P 0
L 0.9251968 0.8346456 0.9251968 0.8740157 1 P 0
L 0.9421591 1.0053231 0.9421591 1.1173231 2 P 0
L 0.9421591 1.0053231 0.9941591 1.0053231 2 P 0
L 0.9421591 1.1173231 0.9941591 1.1173231 2 P 0
L 0.9461417 0.5357087 0.9461417 0.6257087 0 P 0
L 0.9645669 0.7874015 0.9645669 0.9212598 0 P 0
L 0.9941591 1.0053231 0.9941591 1.1173231 2 P 0
L 1.015748 0.7874016 1.015748 0.9212599 0 P 0
L 1.015748 0.7874016 1.0944882 0.7874016 0 P 0
L 1.015748 0.9212599 1.0944882 0.9212599 0 P 0
L 1.0354331 0.8543307 1.0748031 0.8543307 1 P 0
L 1.0551181 0.8346457 1.0551181 0.8740158 1 P 0
L 1.0944882 0.7874016 1.0944882 0.9212599 0 P 0
L 1.2066929 0.5473622 1.2066929 0.6573622 0 P 0
L 1.2066929 0.5473622 1.2736221 0.5473622 0 P 0
L 1.2066929 0.6573622 1.2736221 0.6573622 0 P 0
L 1.2204725 0.6023622 1.2598425 0.6023622 1 P 0
L 1.2401575 0.5826771 1.2401575 0.6220472 1 P 0
L 1.2736221 0.5473622 1.2736221 0.6573622 0 P 0
L 1.2952738 0.6988197 1.2952738 0.8602357 0 P 0
L 1.2952738 0.6988197 1.5787398 0.6988197 0 P 0
L 1.2952738 0.8602357 1.5787398 0.8602357 0 P 0
L 1.3149606 0.535433 1.3149606 0.6692913 0 P 0
L 1.3149606 0.535433 1.3937008 0.535433 0 P 0
L 1.3149606 0.6692913 1.3937008 0.6692913 0 P 0
L 1.3346457 0.6023622 1.3740157 0.6023622 1 P 0
L 1.3543307 0.5826771 1.3543307 0.6220472 1 P 0
L 1.3850711 1.0053231 1.3850711 1.1173231 2 P 0
L 1.3850711 1.0053231 1.4370711 1.0053231 2 P 0
L 1.3850711 1.1173231 1.4370711 1.1173231 2 P 0
L 1.3937008 0.535433 1.3937008 0.6692913 0 P 0
L 1.4173218 0.7795277 1.4566918 0.7795277 1 P 0
L 1.4291338 0.53937 1.4291338 0.6732283 0 P 0
L 1.4291338 0.53937 1.507874 0.53937 0 P 0
L 1.4291338 0.6732283 1.507874 0.6732283 0 P 0
L 1.4370058 0.7598417 1.4370058 0.7992117 1 P 0
L 1.4370711 1.0053231 1.4370711 1.1173231 2 P 0
L 1.4488189 0.6062992 1.4881889 0.6062992 1 P 0
L 1.4685039 0.5866141 1.4685039 0.6259842 1 P 0
L 1.507874 0.53937 1.507874 0.6732283 0 P 0
L 1.5787398 0.6988197 1.5787398 0.8602357 0 P 0
L 1.5866142 0.53937 1.5866142 0.6732283 0 P 0
L 1.5866142 0.53937 1.6653544 0.53937 0 P 0
L 1.5866142 0.6732283 1.6653544 0.6732283 0 P 0
L 1.6062993 0.6062992 1.6456693 0.6062992 1 P 0
L 1.6259843 0.5866141 1.6259843 0.6259842 1 P 0
L 1.6653544 0.53937 1.6653544 0.6732283 0 P 0
