#Layer_Color=15138737
#
#Feature symbol names
#
$0 r3.937

#
#Feature attribute names
#

#
#Layer features
#
A 0.3307086 0.6653543 0.3307086 0.6653543 0.3110236 0.6653543 0 P 0 N
A 0.6633857 0.8818897 0.6633857 0.8818897 0.6437007 0.8818897 0 P 0 N
A 1.4822834 0.753937 1.4822834 0.753937 1.4625984 0.753937 0 P 0 N
L 0.2755881 0.6299201 0.2755881 0.7874021 0 P 0
L 0.2755881 0.6299201 0.4724401 0.6299201 0 P 0
L 0.2755881 0.7874021 0.4724401 0.7874021 0 P 0
L 0.3553149 1.0206693 0.3553149 1.0895669 0 P 0
L 0.3553149 1.0206693 0.3927164 1.0206693 0 P 0
L 0.3553149 1.0895669 0.3927164 1.0895669 0 P 0
L 0.3927164 1.0206693 0.3927164 1.0895669 0 P 0
L 0.4724401 0.6299201 0.4724401 0.7874021 0 P 0
L 0.5816929 1.023622 0.5816929 1.1102362 0 P 0
L 0.5816929 1.023622 0.6387795 1.023622 0 P 0
L 0.5816929 1.1102362 0.6387795 1.1102362 0 P 0
L 0.6082701 0.7952741 0.6082701 0.9173221 0 P 0
L 0.6082701 0.7952741 0.7303161 0.7952741 0 P 0
L 0.6082701 0.9173221 0.7303161 0.9173221 0 P 0
L 0.6387795 1.023622 0.6387795 1.1102362 0 P 0
L 0.7303161 0.7952741 0.7303161 0.9173221 0 P 0
L 0.8228346 0.5521654 0.8228346 0.609252 0 P 0
L 0.8228346 0.5521654 0.9094488 0.5521654 0 P 0
L 0.8228346 0.609252 0.9094488 0.609252 0 P 0
L 0.8966535 0.8110236 0.8966535 0.8976378 0 P 0
L 0.8966535 0.8110236 0.9537401 0.8110236 0 P 0
L 0.8966535 0.8976378 0.9537401 0.8976378 0 P 0
L 0.9094488 0.5521654 0.9094488 0.609252 0 P 0
L 0.9537401 0.8110236 0.9537401 0.8976378 0 P 0
L 1.0265748 0.8110236 1.0265748 0.8976378 0 P 0
L 1.0265748 0.8110236 1.0836614 0.8110236 0 P 0
L 1.0265748 0.8976378 1.0836614 0.8976378 0 P 0
L 1.0836614 0.8110236 1.0836614 0.8976378 0 P 0
L 1.3257874 0.5590551 1.3257874 0.6456693 0 P 0
L 1.3257874 0.5590551 1.382874 0.5590551 0 P 0
L 1.3257874 0.6456693 1.382874 0.6456693 0 P 0
L 1.3759838 0.7185037 1.3759838 0.8405517 0 P 0
L 1.3759838 0.7185037 1.4980298 0.7185037 0 P 0
L 1.3759838 0.8405517 1.4980298 0.8405517 0 P 0
L 1.382874 0.5590551 1.382874 0.6456693 0 P 0
L 1.4399606 0.5629921 1.4399606 0.6496063 0 P 0
L 1.4399606 0.5629921 1.4970472 0.5629921 0 P 0
L 1.4399606 0.6496063 1.4970472 0.6496063 0 P 0
L 1.4970472 0.5629921 1.4970472 0.6496063 0 P 0
L 1.4980298 0.7185037 1.4980298 0.8405517 0 P 0
L 1.597441 0.5629921 1.597441 0.6496063 0 P 0
L 1.597441 0.5629921 1.6545276 0.5629921 0 P 0
L 1.597441 0.6496063 1.6545276 0.6496063 0 P 0
L 1.6545276 0.5629921 1.6545276 0.6496063 0 P 0
