#Layer_Color=16272468
#
#Feature symbol names
#
$0 r8
$1 r3.937
$2 r1.9685

#
#Feature attribute names
#

#
#Layer features
#
A 0.4875236 -0.0289371 0.4625236 -0.0039371 0.4625236 -0.0289371 0 P 0 N
A 0.4875236 -0.2289371 0.5075236 -0.2489371 0.5075236 -0.2289371 0 P 0 N
A 1.1075236 -0.2489371 1.1275236 -0.2289371 1.1075236 -0.2289371 0 P 0 N
A 1.1525236 -0.0039371 1.1275236 -0.0289371 1.1525236 -0.0289371 0 P 0 N
L 0.2005241 -0.0009379 0.2005241 0.2740621 0 P 0
L 0.2005241 -0.0009379 1.4138221 -0.0009379 0 P 0
L 0.4875241 -0.2289379 0.4875241 -0.0289379 0 P 0
L 0.5075241 -0.2489379 1.1075241 -0.2489379 0 P 0
L 0.5570879 0.9773619 0.5570879 1.1505903 2 P 0
L 0.5570879 0.9773619 0.6594501 0.9773619 2 P 0
L 0.5570879 1.1505903 0.6594501 1.1505903 2 P 0
L 0.6594501 0.9773619 0.6594501 1.1505903 2 P 0
L 0.698819 0.976378 0.698819 1.0787402 2 P 0
L 0.698819 0.976378 0.8681103 0.976378 2 P 0
L 0.698819 1.0787402 0.8681103 1.0787402 2 P 0
L 0.7637796 1.0275591 0.8031497 1.0275591 1 P 0
L 0.7834646 1.0078741 0.7834646 1.0472442 1 P 0
L 0.8681103 0.976378 0.8681103 1.0787402 2 P 0
L 0.8740157 0.7716535 0.8740157 0.9448819 2 P 0
L 0.8740157 0.7716535 0.9763779 0.7716535 2 P 0
L 0.8740157 0.9448819 0.9763779 0.9448819 2 P 0
L 0.9055118 0.8582677 0.9448819 0.8582677 1 P 0
L 0.9251968 0.8385826 0.9251968 0.8779527 1 P 0
L 0.9763779 0.7716535 0.9763779 0.9448819 2 P 0
L 1.015748 0.7874016 1.015748 0.9212598 2 P 0
L 1.015748 0.7874016 1.0944882 0.7874016 2 P 0
L 1.015748 0.9212598 1.0944882 0.9212598 2 P 0
L 1.0354331 0.8543307 1.0748031 0.8543307 1 P 0
L 1.0551181 0.8346456 1.0551181 0.8740157 1 P 0
L 1.0787432 0.994094 1.0787432 1.1279523 2 P 0
L 1.0787432 0.994094 1.1574834 0.994094 2 P 0
L 1.0787432 1.1279523 1.1574834 1.1279523 2 P 0
L 1.0944882 0.7874016 1.0944882 0.9212598 2 P 0
L 1.0984283 1.0610232 1.1377983 1.0610232 1 P 0
L 1.1181133 1.0413381 1.1181133 1.0807082 1 P 0
L 1.1275241 -0.2289379 1.1275241 -0.0289379 0 P 0
L 1.1574834 0.994094 1.1574834 1.1279523 2 P 0
L 1.185039 0.7755912 1.185039 0.9251972 1 P 0
L 1.185039 0.7755912 1.224409 0.7755912 1 P 0
L 1.185039 0.9251972 1.263779 0.9251972 1 P 0
L 1.2047244 0.5393701 1.2047244 0.6732283 1 P 0
L 1.2047244 0.5393701 1.2755906 0.5393701 1 P 0
L 1.2047244 0.6732283 1.2755906 0.6732283 1 P 0
L 1.2165369 0.9940941 1.2165369 1.1279524 2 P 0
L 1.2165369 0.9940941 1.2952771 0.9940941 2 P 0
L 1.2165369 1.1279524 1.2952771 1.1279524 2 P 0
L 1.224409 0.7755912 1.263779 0.7755912 1 P 0
L 1.236222 1.0610232 1.275592 1.0610232 1 P 0
L 1.255907 1.0413382 1.255907 1.0807083 1 P 0
L 1.263779 0.7755912 1.263779 0.9251972 1 P 0
L 1.2755906 0.5393701 1.2755906 0.6732283 1 P 0
L 1.2952771 0.9940941 1.2952771 1.1279524 2 P 0
L 1.3031496 0.7755906 1.3031496 0.9094489 2 P 0
L 1.3031496 0.7755906 1.3818898 0.7755906 2 P 0
L 1.3031496 0.9094489 1.3818898 0.9094489 2 P 0
L 1.3188976 0.5354331 1.3188976 0.6692913 1 P 0
L 1.3188976 0.5354331 1.3897638 0.5354331 1 P 0
L 1.3188976 0.6692913 1.3897638 0.6692913 1 P 0
L 1.3228347 0.8425197 1.3622047 0.8425197 1 P 0
L 1.3425197 0.8228347 1.3425197 0.8622048 1 P 0
L 1.3818898 0.7755906 1.3818898 0.9094489 2 P 0
L 1.3897638 0.5354331 1.3897638 0.6692913 1 P 0
L 1.4138221 -0.0009379 1.4138221 0.2730621 0 P 0
L 1.4212598 0.7755906 1.4212598 0.9094489 2 P 0
L 1.4212598 0.7755906 1.5 0.7755906 2 P 0
L 1.4212598 0.9094489 1.5 0.9094489 2 P 0
L 1.4330708 0.5393701 1.4330708 0.6732283 1 P 0
L 1.4330708 0.5393701 1.503937 0.5393701 1 P 0
L 1.4330708 0.6732283 1.503937 0.6732283 1 P 0
L 1.4409449 0.8425197 1.4803149 0.8425197 1 P 0
L 1.4606299 0.8228347 1.4606299 0.8622048 1 P 0
L 1.5 0.7755906 1.5 0.9094489 2 P 0
L 1.503937 0.5393701 1.503937 0.6732283 1 P 0
L 1.5393704 0.7755912 1.5393704 0.9251972 1 P 0
L 1.5393704 0.7755912 1.5787404 0.7755912 1 P 0
L 1.5393704 0.9251972 1.6181104 0.9251972 1 P 0
L 1.5787404 0.7755912 1.6181104 0.7755912 1 P 0
L 1.5905512 0.5393701 1.5905512 0.6732283 1 P 0
L 1.5905512 0.5393701 1.6614174 0.5393701 1 P 0
L 1.5905512 0.6732283 1.6614174 0.6732283 1 P 0
L 1.6181104 0.7755912 1.6181104 0.9251972 1 P 0
L 1.6614174 0.5393701 1.6614174 0.6732283 1 P 0
